-0.010972 0.055164 0.000000
-0.021523 0.051962 0.000000
-0.031248 0.046765 0.000000
-0.039770 0.039770 0.000000
-0.046765 0.031247 0.000000
-0.051962 0.021523 0.000000
-0.055162 0.010973 0.000000
-0.056244 -0.000000 0.000000
-0.055162 -0.010973 0.000000
-0.051962 -0.021523 0.000000
-0.046765 -0.031247 0.000000
-0.039770 -0.039770 0.000000
-0.031248 -0.046765 0.000000
-0.021523 -0.051962 0.000000
-0.010972 -0.055164 0.000000
-0.000000 -0.056244 0.000000
-0.010762 0.055164 -0.002141
-0.021110 0.051962 -0.004199
-0.030648 0.046765 -0.006097
-0.039005 0.039770 -0.007760
-0.045867 0.031247 -0.009123
-0.050965 0.021523 -0.010137
-0.054103 0.010973 -0.010761
-0.055162 -0.000000 -0.010973
-0.054103 -0.010973 -0.010761
-0.050965 -0.021523 -0.010137
-0.045867 -0.031247 -0.009123
-0.039005 -0.039770 -0.007760
-0.030648 -0.046765 -0.006097
-0.021110 -0.051962 -0.004199
-0.010762 -0.055164 -0.002141
-0.010137 0.055164 -0.004199
-0.019884 0.051962 -0.008238
-0.028868 0.046765 -0.011957
-0.036743 0.039770 -0.015220
-0.043205 0.031247 -0.017897
-0.048006 0.021523 -0.019886
-0.050965 0.010973 -0.021110
-0.051962 -0.000000 -0.021524
-0.050965 -0.010973 -0.021110
-0.048006 -0.021523 -0.019886
-0.043205 -0.031247 -0.017897
-0.036743 -0.039770 -0.015220
-0.028868 -0.046765 -0.011957
-0.019884 -0.051962 -0.008238
-0.010137 -0.055164 -0.004199
-0.009123 0.055164 -0.006097
-0.017895 0.051962 -0.011957
-0.025981 0.046765 -0.017361
-0.033068 0.039770 -0.022096
-0.038884 0.031247 -0.025981
-0.043205 0.021523 -0.028870
-0.045867 0.010973 -0.030647
-0.046765 -0.000000 -0.031247
-0.045867 -0.010973 -0.030647
-0.043205 -0.021523 -0.028870
-0.038884 -0.031247 -0.025981
-0.033068 -0.039770 -0.022096
-0.025981 -0.046765 -0.017361
-0.017895 -0.051962 -0.011957
-0.009123 -0.055164 -0.006097
-0.007758 0.055164 -0.007760
-0.015220 0.051962 -0.015220
-0.022095 0.046765 -0.022096
-0.028122 0.039770 -0.028122
-0.033068 0.031247 -0.033068
-0.036743 0.021523 -0.036744
-0.039005 0.010973 -0.039007
-0.039770 0.000000 -0.039770
-0.039005 -0.010973 -0.039007
-0.036743 -0.021523 -0.036744
-0.033068 -0.031247 -0.033068
-0.028122 -0.039770 -0.028122
-0.022095 -0.046765 -0.022096
-0.015220 -0.051962 -0.015220
-0.007758 -0.055164 -0.007760
-0.006095 0.055164 -0.009123
-0.011958 0.051962 -0.017897
-0.017359 0.046765 -0.025981
-0.022095 0.039770 -0.033068
-0.025981 0.031247 -0.038883
-0.028868 0.021523 -0.043205
-0.030648 0.010973 -0.045867
-0.031248 0.000000 -0.046765
-0.030648 -0.010973 -0.045867
-0.028868 -0.021523 -0.043205
-0.025981 -0.031247 -0.038883
-0.022095 -0.039770 -0.033068
-0.017359 -0.046765 -0.025981
-0.011958 -0.051962 -0.017897
-0.006095 -0.055164 -0.009123
-0.004198 0.055164 -0.010137
-0.008236 0.051962 -0.019886
-0.011958 0.046765 -0.028870
-0.015220 0.039770 -0.036744
-0.017895 0.031247 -0.043205
-0.019884 0.021523 -0.048008
-0.021110 0.010973 -0.050964
-0.021523 0.000000 -0.051964
-0.021110 -0.010973 -0.050964
-0.019884 -0.021523 -0.048008
-0.017895 -0.031247 -0.043205
-0.015220 -0.039770 -0.036744
-0.011958 -0.046765 -0.028870
-0.008236 -0.051962 -0.019886
-0.004198 -0.055164 -0.010137
-0.002141 0.055164 -0.010761
-0.004198 0.051962 -0.021110
-0.006095 0.046765 -0.030647
-0.007758 0.039770 -0.039007
-0.009123 0.031247 -0.045867
-0.010137 0.021523 -0.050964
-0.010762 0.010973 -0.054103
-0.010972 0.000000 -0.055164
-0.010762 -0.010973 -0.054103
-0.010137 -0.021523 -0.050964
-0.009123 -0.031247 -0.045867
-0.007758 -0.039770 -0.039007
-0.006095 -0.046765 -0.030647
-0.004198 -0.051962 -0.021110
-0.002141 -0.055164 -0.010761
-0.000000 0.055164 -0.010973
-0.000000 0.051962 -0.021524
-0.000000 0.046765 -0.031247
-0.000000 0.039770 -0.039770
-0.000000 0.031247 -0.046765
-0.000000 0.021523 -0.051964
-0.000000 0.010973 -0.055164
-0.000000 -0.000000 -0.056244
-0.000000 -0.010973 -0.055164
-0.000000 -0.021523 -0.051964
-0.000000 -0.031247 -0.046765
-0.000000 -0.039770 -0.039770
-0.000000 -0.046765 -0.031247
-0.000000 -0.051962 -0.021524
-0.000000 -0.055164 -0.010973
0.002141 0.055164 -0.010761
0.004199 0.051962 -0.021110
0.006097 0.046765 -0.030647
0.007760 0.039770 -0.039007
0.009124 0.031247 -0.045867
0.010137 0.021523 -0.050964
0.010763 0.010973 -0.054103
0.010973 0.000000 -0.055164
0.010763 -0.010973 -0.054103
0.010137 -0.021523 -0.050964
0.009124 -0.031247 -0.045867
0.007760 -0.039770 -0.039007
0.006097 -0.046765 -0.030647
0.004199 -0.051962 -0.021110
0.002141 -0.055164 -0.010761
0.004199 0.055164 -0.010137
0.008238 0.051962 -0.019886
0.011957 0.046765 -0.028870
0.015219 0.039770 -0.036744
0.017897 0.031247 -0.043205
0.019886 0.021523 -0.048008
0.021110 0.010973 -0.050964
0.021524 0.000000 -0.051964
0.021110 -0.010973 -0.050964
0.019886 -0.021523 -0.048008
0.017897 -0.031247 -0.043205
0.015219 -0.039770 -0.036744
0.011957 -0.046765 -0.028870
0.008238 -0.051962 -0.019886
0.004199 -0.055164 -0.010137
0.006097 0.055164 -0.009123
0.011957 0.051962 -0.017897
0.017360 0.046765 -0.025981
0.022096 0.039770 -0.033068
0.025981 0.031247 -0.038883
0.028870 0.021523 -0.043205
0.030647 0.010973 -0.045867
0.031247 0.000000 -0.046765
0.030647 -0.010973 -0.045867
0.028870 -0.021523 -0.043205
0.025981 -0.031247 -0.038883
0.022096 -0.039770 -0.033068
0.017360 -0.046765 -0.025981
0.011957 -0.051962 -0.017897
0.006097 -0.055164 -0.009123
0.007760 0.055164 -0.007760
0.015219 0.051962 -0.015220
0.022096 0.046765 -0.022096
0.028122 0.039770 -0.028122
0.033068 0.031247 -0.033068
0.036744 0.021523 -0.036744
0.039007 0.010973 -0.039007
0.039770 -0.000000 -0.039770
0.039007 -0.010973 -0.039007
0.036744 -0.021523 -0.036744
0.033068 -0.031247 -0.033068
0.028122 -0.039770 -0.028122
0.022096 -0.046765 -0.022096
0.015219 -0.051962 -0.015220
0.007760 -0.055164 -0.007760
0.009124 0.055164 -0.006097
0.017897 0.051962 -0.011957
0.025981 0.046765 -0.017361
0.033068 0.039770 -0.022096
0.038885 0.031247 -0.025981
0.043206 0.021523 -0.028870
0.045867 0.010973 -0.030647
0.046765 -0.000000 -0.031247
0.045867 -0.010973 -0.030647
0.043206 -0.021523 -0.028870
0.038885 -0.031247 -0.025981
0.033068 -0.039770 -0.022096
0.025981 -0.046765 -0.017361
0.017897 -0.051962 -0.011957
0.009124 -0.055164 -0.006097
0.010137 0.055164 -0.004199
0.019886 0.051962 -0.008238
0.028870 0.046765 -0.011957
0.036744 0.039770 -0.015220
0.043206 0.031247 -0.017897
0.048008 0.021523 -0.019886
0.050964 0.010973 -0.021110
0.051964 -0.000000 -0.021524
0.050964 -0.010973 -0.021110
0.048008 -0.021523 -0.019886
0.043206 -0.031247 -0.017897
0.036744 -0.039770 -0.015220
0.028870 -0.046765 -0.011957
0.019886 -0.051962 -0.008238
0.010137 -0.055164 -0.004199
0.010763 0.055164 -0.002141
0.021110 0.051962 -0.004199
0.030647 0.046765 -0.006097
0.039007 0.039770 -0.007760
0.045867 0.031247 -0.009123
0.050964 0.021523 -0.010137
0.054103 0.010973 -0.010761
0.055164 -0.000000 -0.010973
0.054103 -0.010973 -0.010761
0.050964 -0.021523 -0.010137
0.045867 -0.031247 -0.009123
0.039007 -0.039770 -0.007760
0.030647 -0.046765 -0.006097
0.021110 -0.051962 -0.004199
0.010763 -0.055164 -0.002141
0.010973 0.055164 0.000000
0.021524 0.051962 0.000000
0.031247 0.046765 0.000000
0.039770 0.039770 0.000000
0.046765 0.031247 0.000000
0.051964 0.021523 0.000000
0.055164 0.010973 0.000000
0.056244 -0.000000 0.000000
0.055164 -0.010973 0.000000
0.051964 -0.021523 0.000000
0.046765 -0.031247 0.000000
0.039770 -0.039770 0.000000
0.031247 -0.046765 0.000000
0.021524 -0.051962 0.000000
0.010973 -0.055164 0.000000
0.010763 0.055164 0.002141
0.021110 0.051962 0.004200
0.030647 0.046765 0.006097
0.039007 0.039770 0.007758
0.045867 0.031247 0.009123
0.050964 0.021523 0.010137
0.054103 0.010973 0.010761
0.055164 -0.000000 0.010973
0.054103 -0.010973 0.010761
0.050964 -0.021523 0.010137
0.045867 -0.031247 0.009123
0.039007 -0.039770 0.007758
0.030647 -0.046765 0.006095
0.021110 -0.051962 0.004200
0.010763 -0.055164 0.002141
0.010137 0.055164 0.004200
0.019886 0.051962 0.008236
0.028870 0.046765 0.011958
0.036744 0.039770 0.015220
0.043206 0.031247 0.017897
0.048008 0.021523 0.019886
0.050964 0.010973 0.021110
0.051964 -0.000000 0.021523
0.050964 -0.010973 0.021110
0.048008 -0.021523 0.019886
0.043206 -0.031247 0.017897
0.036744 -0.039770 0.015220
0.028870 -0.046765 0.011958
0.019886 -0.051962 0.008236
0.010137 -0.055164 0.004200
0.009124 0.055164 0.006097
0.017897 0.051962 0.011958
0.025981 0.046765 0.017361
0.033068 0.039770 0.022095
0.038885 0.031247 0.025981
0.043206 0.021523 0.028868
0.045867 0.010973 0.030647
0.046765 -0.000000 0.031247
0.045867 -0.010973 0.030647
0.043206 -0.021523 0.028868
0.038885 -0.031247 0.025981
0.033068 -0.039770 0.022095
0.025981 -0.046765 0.017361
0.017897 -0.051962 0.011958
0.009124 -0.055164 0.006095
0.007760 0.055164 0.007758
0.015219 0.051962 0.015220
0.022096 0.046765 0.022095
0.028122 0.039770 0.028122
0.033068 0.031247 0.033068
0.036744 0.021523 0.036742
0.039007 0.010973 0.039007
0.039770 -0.000000 0.039770
0.039007 -0.010973 0.039007
0.036744 -0.021523 0.036742
0.033068 -0.031247 0.033068
0.028122 -0.039770 0.028122
0.022096 -0.046765 0.022095
0.015219 -0.051962 0.015220
0.007760 -0.055164 0.007758
0.006097 0.055164 0.009123
0.011957 0.051962 0.017897
0.017360 0.046765 0.025981
0.022096 0.039770 0.033068
0.025981 0.031247 0.038885
0.028870 0.021523 0.043206
0.030647 0.010973 0.045867
0.031247 -0.000000 0.046765
0.030647 -0.010973 0.045867
0.028870 -0.021523 0.043206
0.025981 -0.031247 0.038885
0.022096 -0.039770 0.033068
0.017360 -0.046765 0.025981
0.011957 -0.051962 0.017897
0.006097 -0.055164 0.009123
0.004199 0.055164 0.010137
0.008238 0.051962 0.021110
0.011957 0.046765 0.028870
0.015220 0.039770 0.036744
0.017897 0.031247 0.043206
0.019886 0.021523 0.048008
0.021110 0.010973 0.050964
0.021524 -0.000000 0.051964
0.021110 -0.010973 0.050964
0.019886 -0.021523 0.048008
0.017897 -0.031247 0.043206
0.015220 -0.039770 0.036744
0.011957 -0.046765 0.028870
0.008238 -0.051962 0.021110
0.004199 -0.055164 0.010137
0.004199 0.055164 0.010137
0.008238 0.051962 0.019886
0.011957 0.046765 0.028868
0.015219 0.039770 0.036742
0.017897 0.031247 0.043205
0.019886 0.021523 0.048008
0.021110 0.010973 0.050965
0.021524 -0.000000 0.051962
0.021110 -0.010973 0.050965
0.019886 -0.021523 0.048008
0.017897 -0.031247 0.043205
0.015219 -0.039770 0.036742
0.011957 -0.046765 0.028868
0.008238 -0.051962 0.019886
0.004199 -0.055164 0.010137
0.002141 0.055164 0.010761
0.004199 0.051962 0.021110
0.006097 0.046765 0.030647
0.007760 0.039770 0.039007
0.009124 0.031247 0.045867
0.010137 0.021523 0.050965
0.010763 0.010973 0.054103
0.010973 -0.000000 0.055162
0.010763 -0.010973 0.054103
0.010137 -0.021523 0.050965
0.009124 -0.031247 0.045867
0.007760 -0.039770 0.039007
0.006097 -0.046765 0.030647
0.004199 -0.051962 0.021110
0.002141 -0.055164 0.010761
-0.000000 0.055164 0.010973
-0.000000 0.051962 0.021523
-0.000000 0.046765 0.031247
-0.000000 0.039770 0.039770
-0.000000 0.031247 0.046765
-0.000000 0.021523 0.051962
-0.000000 0.010973 0.055162
-0.000000 -0.000000 0.056244
-0.000000 -0.010973 0.055162
-0.000000 -0.021523 0.051962
-0.000000 -0.031247 0.046765
-0.000000 -0.039770 0.039770
-0.000000 -0.046765 0.031247
-0.000000 -0.051962 0.021523
-0.000000 -0.055164 0.010973
-0.002141 0.055164 0.010761
-0.004198 0.051962 0.021110
-0.006095 0.046765 0.030647
-0.007758 0.039770 0.039007
-0.009123 0.031247 0.045867
-0.010137 0.021523 0.050965
-0.010762 0.010973 0.054103
-0.010972 -0.000000 0.055162
-0.010762 -0.010973 0.054103
-0.010137 -0.021523 0.050965
-0.009123 -0.031247 0.045867
-0.007758 -0.039770 0.039007
-0.006095 -0.046765 0.030647
-0.004198 -0.051962 0.021110
-0.002141 -0.055164 0.010761
-0.004198 0.055164 0.010137
-0.008236 0.051962 0.019886
-0.011958 0.046765 0.028868
-0.015220 0.039770 0.036742
-0.017895 0.031247 0.043205
-0.019884 0.021523 0.048008
-0.021110 0.010973 0.050965
-0.021523 -0.000000 0.051962
-0.021110 -0.010973 0.050965
-0.019884 -0.021523 0.048008
-0.017895 -0.031247 0.043205
-0.015220 -0.039770 0.036742
-0.011958 -0.046765 0.028868
-0.008236 -0.051962 0.019886
-0.004198 -0.055164 0.010137
-0.006095 0.055164 0.009123
-0.011958 0.051962 0.017897
-0.017359 0.046765 0.025981
-0.022095 0.039770 0.033068
-0.025981 0.031247 0.038883
-0.028868 0.021523 0.043205
-0.030648 0.010973 0.045867
-0.031248 -0.000000 0.046765
-0.030648 -0.010973 0.045867
-0.028868 -0.021523 0.043205
-0.025981 -0.031247 0.038883
-0.022095 -0.039770 0.033068
-0.017359 -0.046765 0.025981
-0.011958 -0.051962 0.017897
-0.006095 -0.055164 0.009123
-0.000000 0.056244 0.000000
-0.007758 0.055164 0.007758
-0.015220 0.051962 0.015220
-0.022095 0.046765 0.022095
-0.028122 0.039770 0.028122
-0.033068 0.031247 0.033068
-0.036743 0.021523 0.036742
-0.039005 0.010973 0.039005
-0.039770 -0.000000 0.039770
-0.039005 -0.010973 0.039005
-0.036743 -0.021523 0.036742
-0.033068 -0.031247 0.033068
-0.028122 -0.039770 0.028122
-0.022095 -0.046765 0.022095
-0.015220 -0.051962 0.015220
-0.007758 -0.055164 0.007758
-0.009123 0.055164 0.006095
-0.017895 0.051962 0.011958
-0.025981 0.046765 0.017361
-0.033068 0.039770 0.022095
-0.038884 0.031247 0.025981
-0.043205 0.021523 0.028868
-0.045867 0.010973 0.030647
-0.046765 -0.000000 0.031247
-0.045867 -0.010973 0.030647
-0.043205 -0.021523 0.028868
-0.038884 -0.031247 0.025981
-0.033068 -0.039770 0.022095
-0.025981 -0.046765 0.017361
-0.017895 -0.051962 0.011958
-0.009123 -0.055164 0.006095
-0.010137 0.055164 0.004200
-0.019884 0.051962 0.008236
-0.028868 0.046765 0.011958
-0.036743 0.039770 0.015220
-0.043205 0.031247 0.017897
-0.048006 0.021523 0.019886
-0.050965 0.010973 0.021110
-0.051962 -0.000000 0.021524
-0.050965 -0.010973 0.021110
-0.048006 -0.021523 0.019886
-0.043205 -0.031247 0.017897
-0.036743 -0.039770 0.015220
-0.028868 -0.046765 0.011958
-0.019884 -0.051962 0.008236
-0.010137 -0.055164 0.004200
